000000000000000000000000000000000
111111111111111111111111111111110
010000000000111111110000000000010
010110111110111111110101111111010
010111111110111111010111111111010
010111101110111111011111111111110
010000000000111111010000000000010
011111011111111111011111111111110
010100000111111111010000000001110
010110111111111111010101111111000
010111111111111111010111111111010
010111101111111111110111111111010
010000000000000000000000000000010
011111111111111111111111111111111
000000000000000000000000000000000