1110000000000000000000000000000000000000000000000000000000000
1111111110110110111111111110110111111110110111111111111110110
0110110000110110000110000110110000110000110000000110000110110
0110110110110110111110111110111110110111111111110110111111110
0110110110110110000000000110000110110110110110000000000000110
0110111111111110111111111110110111110110110110110111110110110
0110000000000110110110000110110110110000110110110000110110110
0111111111110110110111110110111110111110110110111111111111110
0000000000110000110000000000110000110110110000000110000000000
0110110111111111111110110111110111110111110111111111111110110
0110110110110000000110110000110000110000000110000000110000110
0111111110111110110110111110110111110111110111111110110110110
0110000110110000110110110110110110000110000110110000110110110
0110111110110111111111110111110111111111111110111110110111110
0110110000000110110000000000110000110000110000110000000000110
0110110111111110110111111110110111111110110111111111110111110
0000110000110000110110000110000000000110000110110000110000110
0111111110111110111110110111111110110110111110111110111111110
0110000000000000000000110000000110110110000000000000000000110
0111111111110111110111111111110110111111110111111111110111110
0000110000000110000110000000000110000000000000110000110110110
0110111111110111111111110110110110111110110111110111111110110
0110110110000000110000000110110000000110110000000110110000110
0111110111111111111111111111111111111110111110111110111110110
0110000110110000110110110000000110110110110110000110000000110
0110110110110111110110111110111110110111110110110110110111110
0000110000110000110110000000110110000000000000110000110110000
0110111111111110110111111110110110111111110110111111111110110
0110110000110110110000000000000110110110110110110110110000110
011111011111011011011111111111111111011011011111011011111111
000000000000000000000000000000000000000000000000000000000011